4.999999999999999432e+02 1.073466024676750752e+27
5.756976996632233750e+02 1.074786388818265364e+27
6.628556827950546904e+02 1.076052425408100668e+27
7.632089835876165580e+02 1.077265430820140648e+27
8.787553124273954381e+02 1.078426655064369320e+27
1.011794823862578710e+03 1.079537304581680442e+27
1.164975905257685781e+03 1.080598545011547017e+27
1.341347897639862140e+03 1.081611503969262050e+27
1.544421798238740621e+03 1.082577273869844631e+27
1.778240153111564041e+03 1.083496914836197615e+27
2.047457531190213558e+03 1.084371457729330058e+27
2.357433181728697036e+03 1.085201907338671566e+27
2.714337719661929441e+03 1.085989245770549845e+27
3.125275962636987515e+03 1.086734428024254259e+27
3.598428365005760043e+03 1.087437646199993211e+27
4.143213864273420768e+03 1.088100285665394232e+27
4.770477381749970846e+03 1.088723179298485804e+27
5.492705709937790743e+03 1.089307134749797740e+27
6.324276084276478286e+03 1.089852935519817576e+27
7.281742387506221348e+03 1.090361341981158562e+27
8.384164684055040198e+03 1.090832678805261527e+27
9.653488644416247553e+03 1.091268347120995353e+27
1.111498241263097589e+04 1.091668754593806884e+27
1.279773961349766432e+04 1.092034575157398185e+27
1.473525851275904643e+04 1.092366810446930351e+27
1.696610885947664792e+04 1.092665386886739204e+27
1.953469968527310266e+04 1.092931294357511782e+27
2.249216334484721665e+04 1.093165138436136469e+27
2.589737339615606106e+04 1.093367509311581468e+27
2.981811658297317990e+04 1.093538982614905407e+27
3.433244225021499005e+04 1.093680120265349822e+27
3.953021605453850498e+04 1.093791471339429838e+27
4.551490889957612671e+04 1.093873572969890895e+27
5.240565670773425518e+04 1.093926951281435195e+27
6.033963203196643735e+04 1.093952122370067293e+27
6.947477471865678672e+04 1.093949593332861506e+27
7.999293598030286375e+04 1.093919630271386543e+27
9.210349846633580455e+04 1.093862706295315734e+27
1.060475443960096163e+05 1.093779406894767890e+27
1.221026547274324694e+05 1.093670176159239588e+27
1.405884348987115372e+05 1.093535447701835701e+27
1.618728771408819885e+05 1.093375645011626724e+27
1.863796860157468764e+05 1.093191181792936352e+27
2.145967130064388912e+05 1.092982462292794454e+27
2.470856680661918654e+05 1.092749881617774824e+27
2.844933014509146451e+05 1.092493826041514284e+27
3.275642784297753824e+05 1.092214673304181584e+27
3.771560031677302904e+05 1.091912792905228009e+27
4.342556868756759795e+05 1.091588546390763978e+27
4.999999999999999418e+05 1.091242287636925189e+27
