4.999999999999999432e+02 6.374711759006052772e+26
5.756976996632233750e+02 6.456856741802452344e+26
6.628556827950546904e+02 6.538834199934782417e+26
7.632089835876165580e+02 6.620642587374510873e+26
8.787553124273954381e+02 6.702280346356600996e+26
1.011794823862578710e+03 6.783745920606142948e+26
1.164975905257685781e+03 6.865037771541528148e+26
1.341347897639862140e+03 6.946154398217738897e+26
1.544421798238740621e+03 7.027094361851877450e+26
1.778240153111564041e+03 7.107856315849944839e+26
2.047457531190213558e+03 7.188439042328194365e+26
2.357433181728697036e+03 7.268841496193800694e+26
2.714337719661929441e+03 7.349062857917451511e+26
3.125275962636987515e+03 7.429102409314958961e+26
3.598428365005760043e+03 7.508942252616461639e+26
4.143213864273420768e+03 7.588592759181999204e+26
4.770477381749970846e+03 7.668052207089657820e+26
5.492705709937790743e+03 7.747318876675736368e+26
6.324276084276478286e+03 7.826391051752613625e+26
7.281742387506221348e+03 7.905267020822943081e+26
8.384164684055040198e+03 7.983927973364142360e+26
9.653488644416247553e+03 8.062400641988817787e+26
1.111498241263097589e+04 8.140671367063156176e+26
1.279773961349766432e+04 8.218738365522693999e+26
1.473525851275904643e+04 8.296615318369858475e+26
1.696610885947664792e+04 8.374269072466512877e+26
1.953469968527310266e+04 8.451714053577387527e+26
2.249216334484721665e+04 8.528948631225108989e+26
2.589737339615606106e+04 8.605971210851581241e+26
2.981811658297317990e+04 8.682780241638376206e+26
3.433244225021499005e+04 8.759374225811121372e+26
3.953021605453850498e+04 8.835751729640549313e+26
4.551490889957612671e+04 8.911911396360413790e+26
5.240565670773425518e+04 8.987851961241391467e+26
6.033963203196643735e+04 9.063572269067842603e+26
6.947477471865678672e+04 9.139071294279005896e+26
7.999293598030286375e+04 9.214341506389785723e+26
9.210349846633580455e+04 9.289381494519076896e+26
1.060475443960096163e+05 9.364193461869755246e+26
1.221026547274324694e+05 9.438775932849285837e+26
1.405884348987115372e+05 9.513127452474824986e+26
1.618728771408819885e+05 9.587246586702497884e+26
1.863796860157468764e+05 9.661131922758438179e+26
2.145967130064388912e+05 9.734782069492201251e+26
2.470856680661918654e+05 9.808195657773983406e+26
2.844933014509146451e+05 9.881371340963203491e+26
3.275642784297753824e+05 9.954307795475615878e+26
3.771560031677302904e+05 1.002700372148287886e+27
4.342556868756759795e+05 1.009945784377824274e+27
4.999999999999999418e+05 1.017166891284815042e+27
