4.999999999999999432e+02 2.276072276529235893e+27
5.756976996632233750e+02 2.245520763309088365e+27
6.628556827950546904e+02 2.215829312468452968e+27
7.632089835876165580e+02 2.186961277724721590e+27
8.787553124273954381e+02 2.158882076351621130e+27
1.011794823862578710e+03 2.131559041190638643e+27
1.164975905257685781e+03 2.104961283718144207e+27
1.341347897639862140e+03 2.079059566910797375e+27
1.544421798238740621e+03 2.053826186774072799e+27
1.778240153111564041e+03 2.029234861506696205e+27
2.047457531190213558e+03 2.005260627369914645e+27
2.357433181728697036e+03 1.981879740416665918e+27
2.714337719661929441e+03 1.959069583313564626e+27
3.125275962636987515e+03 1.936808642368813987e+27
3.598428365005760043e+03 1.915082392261987452e+27
4.143213864273420768e+03 1.893867274679543465e+27
4.770477381749970846e+03 1.873145009658313642e+27
5.492705709937790743e+03 1.852898184418805835e+27
6.324276084276478286e+03 1.833110202126832250e+27
7.281742387506221348e+03 1.813765234254435347e+27
8.384164684055040198e+03 1.794845191363329305e+27
9.653488644416247553e+03 1.776340875572647484e+27
1.111498241263097589e+04 1.758236308609162538e+27
1.279773961349766432e+04 1.740518322666508026e+27
1.473525851275904643e+04 1.723177077490671139e+27
1.696610885947664792e+04 1.706194957169488762e+27
1.953469968527310266e+04 1.689563278620780367e+27
2.249216334484721665e+04 1.673271003230771536e+27
2.589737339615606106e+04 1.657307550235448481e+27
2.981811658297317990e+04 1.641662771385941244e+27
3.433244225021499005e+04 1.626326926875208912e+27
3.953021605453850498e+04 1.611290662395267982e+27
4.551490889957612671e+04 1.596544987204179485e+27
5.240565670773425518e+04 1.582081253093142788e+27
6.033963203196643735e+04 1.567891134152505269e+27
6.947477471865678672e+04 1.553966607244552081e+27
7.999293598030286375e+04 1.540301398607780403e+27
9.210349846633580455e+04 1.526888115679449197e+27
1.060475443960096163e+05 1.513718882308965131e+27
1.221026547274324694e+05 1.500786914977900915e+27
1.405884348987115372e+05 1.488085682029760453e+27
1.618728771408819885e+05 1.475608891900779716e+27
1.863796860157468764e+05 1.463350481985767051e+27
2.145967130064388912e+05 1.451304608098003846e+27
2.470856680661918654e+05 1.439465634484186636e+27
2.844933014509146451e+05 1.427828124358287849e+27
3.275642784297753824e+05 1.416386830919445206e+27
3.771560031677302904e+05 1.405136688821682233e+27
4.342556868756759795e+05 1.394072806064032816e+27
4.999999999999999418e+05 1.383190456272129273e+27
