4.999999999999999432e+02 1.244141412534556340e+27
5.756976996632233750e+02 1.087339314800334103e+27
6.628556827950546904e+02 9.598648948588993133e+26
7.632089835876165580e+02 8.547380847111094640e+26
8.787553124273954381e+02 7.669492316173927954e+26
1.011794823862578710e+03 6.928256966701684830e+26
1.164975905257685781e+03 6.296242252043319294e+26
1.341347897639862140e+03 5.752615065485503993e+26
1.544421798238740621e+03 5.281318121034934392e+26
1.778240153111564041e+03 4.869809388321017618e+26
2.047457531190213558e+03 4.508174090617695714e+26
2.357433181728697036e+03 4.188488382313737697e+26
2.714337719661929441e+03 3.904356259009801308e+26
3.125275962636987515e+03 3.650567386282484380e+26
3.598428365005760043e+03 3.422810817120842127e+26
4.143213864273420768e+03 3.217568702788975532e+26
4.770477381749970846e+03 3.031886189914995090e+26
5.492705709937790743e+03 2.863283110427449256e+26
6.324276084276478286e+03 2.709664821778182473e+26
7.281742387506221348e+03 2.569252052991767211e+26
8.384164684055040198e+03 2.440508667882307841e+26
9.653488644416247553e+03 2.322158807531220718e+26
1.111498241263097589e+04 2.213065487196233406e+26
1.279773961349766432e+04 2.112254163572257428e+26
1.473525851275904643e+04 2.018889091959071636e+26
1.696610885947664792e+04 1.932204765048753086e+26
1.953469968527310266e+04 1.851565280159116931e+26
2.249216334484721665e+04 1.776399550991718065e+26
2.589737339615606106e+04 1.706203446242096689e+26
2.981811658297317990e+04 1.640530516451250620e+26
3.433244225021499005e+04 1.578984193058941780e+26
3.953021605453850498e+04 1.521211197822208130e+26
4.551490889957612671e+04 1.466895952114584025e+26
5.240565670773425518e+04 1.415755816013091842e+26
6.033963203196643735e+04 1.367537019021570614e+26
6.947477471865678672e+04 1.322011169685979552e+26
7.999293598030286375e+04 1.278969279931195618e+26
9.210349846633580455e+04 1.238225220183432190e+26
1.060475443960096163e+05 1.199611781280124755e+26
1.221026547274324694e+05 1.162975569116362730e+26
1.405884348987115372e+05 1.128177034289426333e+26
1.618728771408819885e+05 1.095088984049414202e+26
1.863796860157468764e+05 1.063595278676024057e+26
2.145967130064388912e+05 1.033589686521023331e+26
2.470856680661918654e+05 1.004974875944565814e+26
2.844933014509146451e+05 9.776615256883970423e+25
3.275642784297753824e+05 9.515675379888208575e+25
3.771560031677302904e+05 9.266173410431963763e+25
4.342556868756759795e+05 9.027412693790666600e+25
4.999999999999999418e+05 8.798750123065164246e+25
