4.999999999999999432e+02 2.546830460810070742e+26
1.163459084388180827e+03 2.651293983942671784e+26
2.707274082090771117e+03 2.749689769906768889e+26
6.299605249474369884e+03 2.842480956622437502e+26
1.465866591112085553e+04 2.930062712552159818e+26
3.410951603860982141e+04 3.012786529939962197e+26
7.937005259841008228e+04 3.090966564393866144e+26
1.846876174479759065e+05 3.164866199579526792e+26
4.297529725877133314e+05 3.234738795114564299e+26
1.000000000000000000e+06 3.300806006185061825e+26
