4.999999999999999432e+02 8.262535103191153229e+26
5.756976996632233750e+02 8.272000038718330406e+26
6.628556827950546904e+02 8.281455040225038704e+26
7.632089835876165580e+02 8.290900149383328190e+26
8.787553124273954381e+02 8.300335407652740826e+26
1.011794823862578710e+03 8.309760856283842641e+26
1.164975905257685781e+03 8.319176536322327665e+26
1.341347897639862140e+03 8.328582488613747198e+26
1.544421798238740621e+03 8.337978753809093962e+26
1.778240153111564041e+03 8.347365372371300206e+26
2.047457531190213558e+03 8.356742384582828464e+26
2.357433181728697036e+03 8.366109830554570730e+26
2.714337719661929441e+03 8.375467750236240211e+26
3.125275962636987515e+03 8.384816183398373700e+26
3.598428365005760043e+03 8.394155166857459720e+26
4.143213864273420768e+03 8.403484741769518673e+26
4.770477381749970846e+03 8.412804947162697099e+26
5.492705709937790743e+03 8.422115821875853742e+26
6.324276084276478286e+03 8.431417404560505683e+26
7.281742387506221348e+03 8.440709733682599926e+26
8.384164684055040198e+03 8.449992849078435056e+26
9.653488644416247553e+03 8.459266786184655109e+26
1.111498241263097589e+04 8.468531584035056742e+26
1.279773961349766432e+04 8.477787280370153928e+26
1.473525851275904643e+04 8.487033911203070147e+26
1.696610885947664792e+04 8.496271517029743615e+26
1.953469968527310266e+04 8.505500133487756867e+26
2.249216334484721665e+04 8.514719797613704162e+26
2.589737339615606106e+04 8.523930546275738700e+26
2.981811658297317990e+04 8.533132416176318654e+26
3.433244225021499005e+04 8.542325443855081017e+26
3.953021605453850498e+04 8.551509665692101655e+26
4.551490889957612671e+04 8.560685117911443979e+26
5.240565670773425518e+04 8.569851836585060841e+26
6.033963203196643735e+04 8.579009857637137600e+26
6.947477471865678672e+04 8.588159216848936847e+26
7.999293598030286375e+04 8.597299948769438020e+26
9.210349846633580455e+04 8.606432088787575972e+26
1.060475443960096163e+05 8.615555672728082486e+26
1.221026547274324694e+05 8.624670735652767091e+26
1.405884348987115372e+05 8.633777312469403233e+26
1.618728771408819885e+05 8.642875437933120533e+26
1.863796860157468764e+05 8.651965146647997705e+26
2.145967130064388912e+05 8.661046473068552393e+26
2.470856680661918654e+05 8.670119451501298356e+26
2.844933014509146451e+05 8.679184116106244928e+26
3.275642784297753824e+05 8.688240500898480308e+26
3.771560031677302904e+05 8.697288639749767236e+26
4.342556868756759795e+05 8.706328566390080927e+26
4.999999999999999418e+05 8.715360314409309197e+26
