4.999999999999999432e+02 1.197523708661299265e+26
5.756976996632233750e+02 1.181345815957102046e+26
6.628556827950546904e+02 1.165664968866323662e+26
7.632089835876165580e+02 1.150458329287659439e+26
8.787553124273954381e+02 1.135704436124599981e+26
1.011794823862578710e+03 1.121383100467180552e+26
1.164975905257685781e+03 1.107475309245661494e+26
1.341347897639862140e+03 1.093963136373971402e+26
1.544421798238740621e+03 1.080829660503773943e+26
1.778240153111564041e+03 1.068058888600272477e+26
2.047457531190213558e+03 1.055635684630400504e+26
2.357433181728697036e+03 1.043545702724653123e+26
2.714337719661929441e+03 1.031775324236563877e+26
3.125275962636987515e+03 1.020311638582748094e+26
3.598428365005760043e+03 1.009146049810166125e+26
4.143213864273420768e+03 9.982644375085157614e+25
4.770477381749970846e+03 9.876559413980580559e+25
5.492705709937790743e+03 9.773102487248102920e+25
6.324276084276478286e+03 9.672175600495500626e+25
7.281742387506221348e+03 9.573685575675382924e+25
8.384164684055040198e+03 9.477528057029279631e+25
9.653488644416247553e+03 9.383646210620547633e+25
1.111498241263097589e+04 9.291948016797109470e+25
1.279773961349766432e+04 9.202356846052092653e+25
1.473525851275904643e+04 9.114814210878016664e+25
1.696610885947664792e+04 9.029220876973257751e+25
1.953469968527310266e+04 8.945525339039084586e+25
2.249216334484721665e+04 8.863664023691423186e+25
2.589737339615606106e+04 8.783576145415417357e+25
2.981811658297317990e+04 8.705203544476656317e+25
3.433244225021499005e+04 8.628490533456987003e+25
3.953021605453850498e+04 8.553383751513737565e+25
4.551490889957612671e+04 8.479832025532792865e+25
5.240565670773425518e+04 8.407786237420949497e+25
6.033963203196643735e+04 8.337199196843030043e+25
6.947477471865678672e+04 8.268025518770393218e+25
7.999293598030286375e+04 8.200230480322184820e+25
9.210349846633580455e+04 8.133772457007723085e+25
1.060475443960096163e+05 8.068606807552778441e+25
1.221026547274324694e+05 8.004695526126993116e+25
1.405884348987115372e+05 7.942002092946614586e+25
1.618728771408819885e+05 7.880491401517708353e+25
1.863796860157468764e+05 7.820129689985991670e+25
2.145967130064388912e+05 7.760884476315572205e+25
2.470856680661918654e+05 7.702724497033932048e+25
2.844933014509146451e+05 7.645619649300312748e+25
3.275642784297753824e+05 7.589540936064952948e+25
3.771560031677302904e+05 7.534460414104564256e+25
4.342556868756759795e+05 7.480351144726656847e+25
4.999999999999999418e+05 7.427187146951256310e+25
