4.999999999999999432e+02 2.173384298585208474e+27
5.756976996632233750e+02 2.146662276516855549e+27
6.628556827950546904e+02 2.120057289151831854e+27
7.632089835876165580e+02 2.093587401443226692e+27
8.787553124273954381e+02 2.067269233717367457e+27
1.011794823862578710e+03 2.041118044209275142e+27
1.164975905257685781e+03 2.015147808261809329e+27
1.341347897639862140e+03 1.989371294269218344e+27
1.544421798238740621e+03 1.963800136445420500e+27
1.778240153111564041e+03 1.938444904494924810e+27
2.047457531190213558e+03 1.913315170260659580e+27
2.357433181728697036e+03 1.888419571418257156e+27
2.714337719661929441e+03 1.863765872281130507e+27
3.125275962636987515e+03 1.839360996984744879e+27
3.598428365005760043e+03 1.815208889706049306e+27
4.143213864273420768e+03 1.791316556576043317e+27
4.770477381749970846e+03 1.767688640022727339e+27
5.492705709937790743e+03 1.744329141825720214e+27
6.324276084276478286e+03 1.721241465594964326e+27
7.281742387506221348e+03 1.698428456975217369e+27
8.384164684055040198e+03 1.675889371134734936e+27
9.653488644416247553e+03 1.653631277538360766e+27
1.111498241263097589e+04 1.631653363206956487e+27
1.279773961349766432e+04 1.609956592422980030e+27
1.473525851275904643e+04 1.588544167541003469e+27
1.696610885947664792e+04 1.567410944744639936e+27
1.953469968527310266e+04 1.546559589608188021e+27
2.249216334484721665e+04 1.525989695097947276e+27
2.589737339615606106e+04 1.505700571905466781e+27
2.981811658297317990e+04 1.485691270923154355e+27
3.433244225021499005e+04 1.465960604373757812e+27
3.953021605453850498e+04 1.446507165657611143e+27
4.551490889957612671e+04 1.427329347977807616e+27
5.240565670773425518e+04 1.408425361801565644e+27
6.033963203196643735e+04 1.389793251212620096e+27
6.947477471865678672e+04 1.371430909207233054e+27
7.999293598030286375e+04 1.353335802862611777e+27
9.210349846633580455e+04 1.335505580268276379e+27
1.060475443960096163e+05 1.317937913854454189e+27
1.221026547274324694e+05 1.300630205588254095e+27
1.405884348987115372e+05 1.283579767151480581e+27
1.618728771408819885e+05 1.266783830087288773e+27
1.863796860157468764e+05 1.250239555264944907e+27
2.145967130064388912e+05 1.233944041703395181e+27
2.470856680661918654e+05 1.217894334791733523e+27
2.844933014509146451e+05 1.202087433943036715e+27
3.275642784297753824e+05 1.186520299715311047e+27
3.771560031677302904e+05 1.171189860432035282e+27
4.342556868756759795e+05 1.156093018332071690e+27
4.999999999999999418e+05 1.141226655277623016e+27
