4.999999999999999432e+02 2.134441153723260365e+26
5.756976996632233750e+02 1.870906988249090314e+26
6.628556827950546904e+02 1.656369427249355736e+26
7.632089835876165580e+02 1.479202292081523420e+26
8.787553124273954381e+02 1.331055231342468825e+26
1.011794823862578710e+03 1.205802028311133579e+26
1.164975905257685781e+03 1.098863429884294985e+26
1.341347897639862140e+03 1.006759313052478499e+26
1.544421798238740621e+03 9.268054296334287822e+25
1.778240153111564041e+03 8.569036773793282462e+25
2.047457531190213558e+03 7.953942829155519508e+25
2.357433181728697036e+03 7.409498264655007285e+25
2.714337719661929441e+03 6.924980789928237155e+25
3.125275962636987515e+03 6.491649973659813501e+25
3.598428365005760043e+03 6.102301395079174571e+25
4.143213864273420768e+03 5.750998568734323772e+25
4.770477381749970846e+03 5.432775168854581209e+25
5.492705709937790743e+03 5.143459972652064258e+25
6.324276084276478286e+03 4.879527871069847630e+25
7.281742387506221348e+03 4.637982583537075269e+25
8.384164684055040198e+03 4.416267107129670494e+25
9.653488644416247553e+03 4.212174785778133319e+25
1.111498241263097589e+04 4.023811085809124955e+25
1.279773961349766432e+04 3.849530889168793671e+25
1.473525851275904643e+04 3.687899881954362308e+25
1.696610885947664792e+04 3.537671316290427756e+25
1.953469968527310266e+04 3.397744829383116677e+25
2.249216334484721665e+04 3.267153973526764876e+25
2.589737339615606106e+04 3.145045095044298490e+25
2.981811658297317990e+04 3.030661759722262674e+25
3.433244225021499005e+04 2.923331644774099268e+25
3.953021605453850498e+04 2.822455459431047468e+25
4.551490889957612671e+04 2.727497542025726375e+25
5.240565670773425518e+04 2.637977848902737012e+25
6.033963203196643735e+04 2.553465103873233388e+25
6.947477471865678672e+04 2.473570919397620703e+25
7.999293598030286375e+04 2.397942249843918916e+25
9.210349846633580455e+04 2.326262008631175423e+25
1.060475443960096163e+05 2.258243959828890135e+25
1.221026547274324694e+05 2.193626767472013465e+25
1.405884348987115372e+05 2.132172557047154748e+25
1.618728771408819885e+05 2.073664403575854171e+25
1.863796860157468764e+05 2.017904130103706217e+25
2.145967130064388912e+05 1.964710373333430846e+25
2.470856680661918654e+05 1.913916879828225746e+25
2.844933014509146451e+05 1.865371001767183434e+25
3.275642784297753824e+05 1.818932365867153358e+25
3.771560031677302904e+05 1.774471692958865610e+25
4.342556868756759795e+05 1.731869748957396127e+25
4.999999999999999418e+05 1.691016410702153913e+25
