4.999999999999999432e+02 1.445851913298286472e+27
5.756976996632233750e+02 1.262157566019696663e+27
6.628556827950546904e+02 1.112929224818472939e+27
7.632089835876165580e+02 9.899510416073031752e+26
8.787553124273954381e+02 8.873286662387743450e+26
1.011794823862578710e+03 8.007425021541524724e+26
1.164975905257685781e+03 7.269672603377774946e+26
1.341347897639862140e+03 6.635544707874976252e+26
1.544421798238740621e+03 6.086176564703226234e+26
1.778240153111564041e+03 5.606838745984361989e+26
2.047457531190213558e+03 5.185891622016710273e+26
2.357433181728697036e+03 4.814036340071341575e+26
2.714337719661929441e+03 4.483769856921734600e+26
3.125275962636987515e+03 4.188982088845120941e+26
3.598428365005760043e+03 3.924595647516455213e+26
4.143213864273420768e+03 3.686508426935244357e+26
4.770477381749970846e+03 3.471258656178520757e+26
5.492705709937790743e+03 3.275941681376302811e+26
6.324276084276478286e+03 3.098105194307026272e+26
7.281742387506221348e+03 2.935666814780655436e+26
8.384164684055040198e+03 2.786811194576607678e+26
9.653488644416247553e+03 2.650077828440663258e+26
1.111498241263097589e+04 2.524123795956010267e+26
1.279773961349766432e+04 2.407809980559367959e+26
1.473525851275904643e+04 2.300172826020819467e+26
1.696610885947664792e+04 2.200291100010909453e+26
1.953469968527310266e+04 2.107436573238979501e+26
2.249216334484721665e+04 2.020942630471550913e+26
2.589737339615606106e+04 1.940221007960804925e+26
2.981811658297317990e+04 1.864750925408893040e+26
3.433244225021499005e+04 1.794069945650105130e+26
3.953021605453850498e+04 1.727766254494843792e+26
4.551490889957612671e+04 1.665472113538909254e+26
5.240565670773425518e+04 1.606858286217072934e+26
6.033963203196643735e+04 1.551629274910959645e+26
6.947477471865678672e+04 1.499519236773861047e+26
7.999293598030286375e+04 1.450283184863084676e+26
9.210349846633580455e+04 1.403704760922196864e+26
1.060475443960096163e+05 1.359590531269508902e+26
1.221026547274324694e+05 1.317762112189070305e+26
1.405884348987115372e+05 1.278057270084896373e+26
1.618728771408819885e+05 1.240328182060326449e+26
1.863796860157468764e+05 1.204439912416702991e+26
2.145967130064388912e+05 1.170269074877867834e+26
2.470856680661918654e+05 1.137702655025549825e+26
2.844933014509146451e+05 1.106636971320711828e+26
3.275642784297753824e+05 1.076976756320921589e+26
3.771560031677302904e+05 1.048634342415965804e+26
4.342556868756759795e+05 1.021528938670635600e+26
4.999999999999999418e+05 9.955859872785782753e+25
