4.999999999999999432e+02 7.440516573914652072e+26
5.756976996632233750e+02 7.514005023136313565e+26
6.628556827950546904e+02 7.585091781220608371e+26
7.632089835876165580e+02 7.653778739578307379e+26
8.787553124273954381e+02 7.720070123937853545e+26
1.011794823862578710e+03 7.783972419006394974e+26
1.164975905257685781e+03 7.845494299722862998e+26
1.341347897639862140e+03 7.904646570563815693e+26
1.544421798238740621e+03 7.961442114424142011e+26
1.778240153111564041e+03 8.015895852633212861e+26
2.047457531190213558e+03 8.068024717682690898e+26
2.357433181728697036e+03 8.117847640234314931e+26
2.714337719661929441e+03 8.165385551946799285e+26
3.125275962636987515e+03 8.210661007794796382e+26
3.598428365005760043e+03 8.253661585136978049e+26
4.143213864273420768e+03 8.294436470170114091e+26
4.770477381749970846e+03 8.333010114302118596e+26
5.492705709937790743e+03 8.369408094954122662e+26
6.324276084276478286e+03 8.403657036438875497e+26
7.281742387506221348e+03 8.435784533177913947e+26
8.384164684055040198e+03 8.465762622862222716e+26
9.653488644416247553e+03 8.493715600066835758e+26
1.111498241263097589e+04 8.519633633652844216e+26
1.279773961349766432e+04 8.543547288358783191e+26
1.473525851275904643e+04 8.565540301114796741e+26
1.696610885947664792e+04 8.585538172549300657e+26
1.953469968527310266e+04 8.603627693327946841e+26
2.249216334484721665e+04 8.619841927511956739e+26
2.589737339615606106e+04 8.634214381840935973e+26
2.981811658297317990e+04 8.646778963376320564e+26
3.433244225021499005e+04 8.657569941311987337e+26
3.953021605453850498e+04 8.666621913110066813e+26
4.551490889957612671e+04 8.673969775098063024e+26
5.240565670773425518e+04 8.679648697679335821e+26
6.033963203196643735e+04 8.683694105286927193e+26
6.947477471865678672e+04 8.686141661213441288e+26
7.999293598030286375e+04 8.687015588823146533e+26
9.210349846633580455e+04 8.686351132868214122e+26
1.060475443960096163e+05 8.684189654299336421e+26
1.221026547274324694e+05 8.680565886734153996e+26
1.405884348987115372e+05 8.675514456196137473e+26
1.618728771408819885e+05 8.669069850197814529e+26
1.863796860157468764e+05 8.661266388518085915e+26
2.145967130064388912e+05 8.652138195665697529e+26
2.470856680661918654e+05 8.641719175013571602e+26
2.844933014509146451e+05 8.630042984603375752e+26
3.275642784297753824e+05 8.617143014603724540e+26
3.771560031677302904e+05 8.603052366425324444e+26
4.342556868756759795e+05 8.587803833475696815e+26
4.999999999999999418e+05 8.571429883556070937e+26
